[1.0,1.0][2.0,2.0][2.0,2.0][1.0,1.0][6.0,6.0]:1:set([0])
[1.0,2.0][1.0,2.0][1.0,2.0][0.0,1.0][6.0,6.0]:2:set([0, 1])
[1.0,2.0][1.0,2.0][1.0,2.0][*][6.0,6.0]:3:set([0, 1, 2])
[*][*][1.0,2.0][*][6.0,7.0]:4:set([0, 1, 2, 3])
[1.0,2.0][2.0,2.0][1.0,2.0][*][6.0,6.0]:2:set([0, 2])
[*][*][2.0,2.0][*][6.0,7.0]:2:set([0, 3])
[2.0,2.0][1.0,1.0][1.0,1.0][0.0,0.0][6.0,6.0]:1:set([1])
[2.0,2.0][1.0,2.0][1.0,1.0][*][6.0,6.0]:2:set([1, 2])
[2.0,2.0][2.0,2.0][1.0,1.0][7.0,7.0][6.0,6.0]:1:set([2])
[*][*][1.0,2.0][6.0,7.0][6.0,7.0]:2:set([2, 3])
[8.0,8.0][9.0,9.0][2.0,2.0][6.0,6.0][7.0,7.0]:1:set([3])
