[1.0,1.0][2.0,2.0][2.0,2.0][1.0,1.0][6.0,6.0]:set([0])
[1.0,2.0][1.0,2.0][1.0,2.0][0.0,1.0][6.0,6.0]:set([0, 1])
[1.0,2.0][1.0,2.0][1.0,2.0][0.0,7.0][6.0,6.0]:set([0, 1, 2])
[1.0,8.0][1.0,9.0][1.0,2.0][0.0,7.0][6.0,7.0]:set([0, 1, 2, 3])
[1.0,8.0][1.0,9.0][1.0,2.0][0.0,6.0][6.0,7.0]:set([0, 1, 3])
[1.0,2.0][2.0,2.0][1.0,2.0][1.0,7.0][6.0,6.0]:set([0, 2])
[1.0,8.0][2.0,9.0][1.0,2.0][1.0,7.0][6.0,7.0]:set([0, 2, 3])
[1.0,8.0][2.0,9.0][2.0,2.0][1.0,6.0][6.0,7.0]:set([0, 3])
[2.0,2.0][1.0,1.0][1.0,1.0][0.0,0.0][6.0,6.0]:set([1])
[2.0,2.0][1.0,2.0][1.0,1.0][0.0,7.0][6.0,6.0]:set([1, 2])
[2.0,8.0][1.0,9.0][1.0,2.0][0.0,7.0][6.0,7.0]:set([1, 2, 3])
[2.0,8.0][1.0,9.0][1.0,2.0][0.0,6.0][6.0,7.0]:set([1, 3])
[2.0,2.0][2.0,2.0][1.0,1.0][7.0,7.0][6.0,6.0]:set([2])
[2.0,8.0][2.0,9.0][1.0,2.0][6.0,7.0][6.0,7.0]:set([2, 3])
[8.0,8.0][9.0,9.0][2.0,2.0][6.0,6.0][7.0,7.0]:set([3])
